00000000000000000000
00000000000000000000
01111122111000000000
00200000000111000000
00299990000001110000
01110099900000011000
00011000990008001000
00001000099000001000
00001100009900011000
00000100000900010000
00000200000900010000
00000100000900020000
00001100000900010000
00001000000900010000
00001000000900010000
00011000009900011000
00020000009000001000
00010000009000001000
00100000009000001000
00100000099000001000
00200000090000002000
00200000090000001000
00110000090000001000
00011100090000111000
00000112221111100000
00000000000000000000
00000000000000000000
