999999999999999999999999999999
911112211111221111199911111999
991000000000009000112110001199
991000000900099000000000000199
911000990000090000900990090199
910000990000090000000990000199
910900000090090000900000000299
920000000000099000000000000299
929999999999999999999900999299
910000000000009000000999900199
910000090000009000000000000199
910090000009009000900000000199
910000000000009900000000900199
911000009000000900000000001199
991000000000000900000900001999
991100000000000900000000901999
999110111000009900090000001999
999911191211000900000000001999
999999999991112211000000001999
999999999999999991111221111999
